%YAML:1.0
---
calibration_time: "lun 05 nov 2018 20:03:45 CET"
nr_of_frames: 6
image_width: 640
image_height: 480
board_width: 5
board_height: 4
square_size: 40.
fix_aspect_ratio: 1.
# flags: +fix_aspectRatio +fix_principal_point +zero_tangent_dist +fix_k4 +fix_k5
flags: 6158
fisheye_model: 0
camera_matrix: !!opencv-matrix
   rows: 3
   cols: 3
   dt: d
   data: [ 7.0127377196801615e+02, 0., 320., 0., 7.0127377196801615e+02,
       240., 0., 0., 1. ]
distortion_coefficients: !!opencv-matrix
   rows: 5
   cols: 1
   dt: d
   data: [ 1.6312141400470832e-02, 1.1117606761075216e+00, 0., 0.,
       -6.7628086491605881e+00 ]
avg_reprojection_error: 3.6704737924000375e-01
per_view_reprojection_errors: !!opencv-matrix
   rows: 6
   cols: 1
   dt: f
   data: [ 3.56549323e-01, 3.97639990e-01, 4.79136854e-01,
       1.93085626e-01, 3.10029805e-01, 4.00156260e-01 ]
# a set of 6-tuples (rotation vector + translation vector) for each view
extrinsic_parameters: !!opencv-matrix
   rows: 6
   cols: 6
   dt: d
   data: [ -1.4536813132882784e-01, 3.7133653237287151e-01,
       5.7954455613764402e-02, -6.1039358639614200e+01,
       -7.0374527540991437e+01, 3.7422094507585706e+02,
       -3.3870902123758506e-01, 1.3669960542771389e-01,
       3.7311769292311704e-02, -8.3265316047045971e+01,
       -8.2120326059227082e+01, 3.6758997891608226e+02,
       -3.5576790706194172e-01, -3.9705261404113540e-01,
       3.8828237975656335e-02, -9.3757544518590549e+01,
       -6.9662753344858544e+01, 3.4111396001239115e+02,
       -8.2623692867496573e-02, -3.4081452473400914e-02,
       8.5283923117739316e-02, -1.1380426938113818e+02,
       -5.4512111750881473e+01, 4.5612976691948404e+02,
       4.1758996081784466e-01, 1.8244343694918350e-01,
       -6.6452631796166247e-03, -6.8404644368808604e+01,
       -8.1659011644817468e+01, 4.5234086350783610e+02,
       3.6869927524725898e-01, 4.2336048146295396e-01,
       -8.5850657999252039e-02, -9.6658287045894099e+01,
       -5.4896147097331415e+01, 4.9611153779100999e+02 ]
image_points: !!opencv-matrix
   rows: 6
   cols: 20
   dt: "2f"
   data: [ 2.04863144e+02, 1.07526398e+02, 2.73569244e+02,
       1.04760757e+02, 3.47396332e+02, 1.01632698e+02, 4.27851410e+02,
       9.76085510e+01, 5.16414001e+02, 9.35424805e+01, 1.97922226e+02,
       1.81395020e+02, 2.66440826e+02, 1.81330322e+02, 3.40640167e+02,
       1.81177429e+02, 4.21644897e+02, 1.80557251e+02, 5.11617249e+02,
       1.80607910e+02, 1.89437088e+02, 2.56709442e+02, 2.59015320e+02,
       2.59837860e+02, 3.33776154e+02, 2.63166473e+02, 4.16105988e+02,
       2.66821777e+02, 5.07111298e+02, 2.71184418e+02, 1.79902664e+02,
       3.34429138e+02, 2.51379440e+02, 3.40694824e+02, 3.27655426e+02,
       3.47834137e+02, 4.11169373e+02, 3.55661041e+02, 5.03203735e+02,
       3.64650909e+02, 1.59819275e+02, 8.22274246e+01, 2.35127182e+02,
       8.14864273e+01, 3.11967529e+02, 8.03783722e+01, 3.91375214e+02,
       7.84635773e+01, 4.73483215e+02, 7.70059814e+01, 1.50083313e+02,
       1.52117676e+02, 2.27380951e+02, 1.51723053e+02, 3.06702209e+02,
       1.51307953e+02, 3.88919525e+02, 1.50201859e+02, 4.74326660e+02,
       1.50147781e+02, 1.38531784e+02, 2.26211288e+02, 2.18954971e+02,
       2.27295624e+02, 3.01142670e+02, 2.27734695e+02, 3.86518372e+02,
       2.28622253e+02, 4.75191376e+02, 2.29913101e+02, 1.25417213e+02,
       3.06026245e+02, 2.09745819e+02, 3.08683929e+02, 2.95480621e+02,
       3.11228851e+02, 3.84209167e+02, 3.13952850e+02, 4.76311462e+02,
       3.16888855e+02, 1.26094910e+02, 9.57321014e+01, 2.07488022e+02,
       1.10924500e+02, 2.81834198e+02, 1.24421440e+02, 3.50624512e+02,
       1.36373367e+02, 4.13818298e+02, 1.47856903e+02, 1.20684174e+02,
       1.71087357e+02, 2.05804596e+02, 1.82639999e+02, 2.83265778e+02,
       1.93224472e+02, 3.54891968e+02, 2.02569168e+02, 4.20225861e+02,
       2.12057144e+02, 1.14902466e+02, 2.51900009e+02, 2.03764618e+02,
       2.60513367e+02, 2.84751312e+02, 2.67865845e+02, 3.58772461e+02,
       2.74966400e+02, 4.26574402e+02, 2.81819641e+02, 1.08391502e+02,
       3.40549774e+02, 2.01344681e+02, 3.45470032e+02, 2.85418213e+02,
       3.49757751e+02, 3.61882446e+02, 3.53900970e+02, 4.32323792e+02,
       3.57682098e+02, 1.44211731e+02, 1.55812164e+02, 2.06471909e+02,
       1.61545792e+02, 2.67897064e+02, 1.67226669e+02, 3.28818024e+02,
       1.72527191e+02, 3.89318085e+02, 1.77992966e+02, 1.37983841e+02,
       2.17189957e+02, 2.00502991e+02, 2.22458420e+02, 2.62296570e+02,
       2.27771713e+02, 3.23746948e+02, 2.33005402e+02, 3.84683411e+02,
       2.38394791e+02, 1.31135895e+02, 2.79243011e+02, 1.94308838e+02,
       2.84357178e+02, 2.56553650e+02, 2.89497681e+02, 3.18455322e+02,
       2.94644714e+02, 3.79976562e+02, 2.99949097e+02, 1.23810463e+02,
       3.42448242e+02, 1.87918991e+02, 3.47147583e+02, 2.50674377e+02,
       3.52111084e+02, 3.13035706e+02, 3.56968048e+02, 3.74863953e+02,
       3.62141052e+02, 2.13544312e+02, 1.13120888e+02, 2.74254974e+02,
       1.12947144e+02, 3.36477234e+02, 1.12929695e+02, 4.00944275e+02,
       1.12762314e+02, 4.67759644e+02, 1.12349182e+02, 2.20316452e+02,
       1.72168961e+02, 2.78512817e+02, 1.73194229e+02, 3.38511597e+02,
       1.74238800e+02, 4.00504974e+02, 1.75464127e+02, 4.65043060e+02,
       1.75922180e+02, 2.26125443e+02, 2.27591248e+02, 2.82531311e+02,
       2.29196304e+02, 3.40422455e+02, 2.31424332e+02, 4.00390900e+02,
       2.33308212e+02, 4.62527649e+02, 2.34856339e+02, 2.31165680e+02,
       2.79820984e+02, 2.86331543e+02, 2.81438446e+02, 3.42451996e+02,
       2.83746185e+02, 4.00481995e+02, 2.86199005e+02, 4.60330780e+02,
       2.88732819e+02, 1.82796310e+02, 1.62223740e+02, 2.31869339e+02,
       1.59014450e+02, 2.83863403e+02, 1.56000275e+02, 3.39554016e+02,
       1.52546783e+02, 3.99989014e+02, 1.48598572e+02, 1.95724411e+02,
       2.15387848e+02, 2.43318329e+02, 2.14406067e+02, 2.93970581e+02,
       2.13362686e+02, 3.48172302e+02, 2.12476257e+02, 4.07155304e+02,
       2.10757065e+02, 2.07115234e+02, 2.66292389e+02, 2.54009964e+02,
       2.66600647e+02, 3.03449310e+02, 2.67825073e+02, 3.56739502e+02,
       2.68498138e+02, 4.14292023e+02, 2.69125183e+02, 2.17479523e+02,
       3.14794708e+02, 2.64287933e+02, 3.16286102e+02, 3.13187317e+02,
       3.18371552e+02, 3.65592987e+02, 3.20580261e+02, 4.21557495e+02,
       3.23154694e+02 ]
